00000000000000000000000000000000000000000000000000000000000000000000000000000000000000000000000000000000000000000000000000000000
00111111111111000000000000000000000000000000000000000000000000111000000000111111111111000000000000000000000000000000000000000000
00111111111111000000000000000000000000000000000000000000000000111000000000111111111111000000000000000000000000000000000000000000
00111111111111000000000000000000000000000000000000000000000000111000000000111111111111000000000000000000000000000000000000000000
00111000000000111000000000000000000000000000000000000000000000111000000000111000000000111000000000000000000000000000000000000000
00111000000000111000000000000000000000000000000000000000000000111000000000111000000000111000000000000000000000000000000000000000
00111000000000111000000000000000000000000000000000000000000000111000000000111000000000111000000000000000000000000000000000000000
00111000000000111000111000000000111000000111111111111000111111111111111000111000000000111000000111111111000000111000000000111000
00111000000000111000111000000000111000000111111111111000111111111111111000111000000000111000000111111111000000111000000000111000
00111000000000111000111000000000111000000111111111111000111111111111111000111000000000111000000111111111000000111000000000111000
00111111111111000000111000000000111000111000000000000000000000111000000000111111111111000000111000000000111000111000000000111000
00111111111111000000111000000000111000111000000000000000000000111000000000111111111111000000111000000000111000111000000000111000
00111111111111000000111000000000111000111000000000000000000000111000000000111111111111000000111000000000111000111000000000111000
00111000111000000000111000000000111000000111111111000000000000111000000000111000000000111000111000000000111000000111111111111000
00111000111000000000111000000000111000000111111111000000000000111000000000111000000000111000111000000000111000000111111111111000
00111000111000000000111000000000111000000111111111000000000000111000000000111000000000111000111000000000111000000111111111111000
00111000000111000000111000000111111000000000000000111000000000111000111000111000000000111000111000000000111000000000000000111000
00111000000111000000111000000111111000000000000000111000000000111000111000111000000000111000111000000000111000000000000000111000
00111000000111000000111000000111111000000000000000111000000000111000111000111000000000111000111000000000111000000000000000111000
00111000000000111000000111111000111000111111111111000000000000000111000000111111111111000000000111111111000000000111111111000000
00111000000000111000000111111000111000111111111111000000000000000111000000111111111111000000000111111111000000000111111111000000
00111000000000111000000111111000111000111111111111000000000000000111000000111111111111000000000111111111000000000111111111000000
00000000000000000000000000000000000000000000000000000000000000000000000000000000000000000000000000000000000000000000000000000000
00000000000000000000000000000000000000000000000000000000000000000000000000000000000000000000000000000000000000000000000000000000
