000000111111110000000000000000000000000000000011000000111111110000000000000000000000000000000000
000000111111110000000000000000000000000000000011000000111111110000000000000000000000000000000000
000000110000001100000000000000000000000000000011000000110000001100000000000000000000000000000000
000000110000001100000000000000000000000000000011000000110000001100000000000000000000000000000000
000000110000001100110000001100001111111100111111111100110000001100001111110000110000001100000000
000000110000001100110000001100001111111100111111111100110000001100001111110000110000001100000000
000000111111110000110000001100110000000000000011000000111111110000110000001100110000001100000000
000000111111110000110000001100110000000000000011000000111111110000110000001100110000001100000000
000000110011000000110000001100001111110000000011000000110000001100110000001100001111111100000000
000000110011000000110000001100001111110000000011000000110000001100110000001100001111111100000000
000000110000110000110000111100000000001100000011001100110000001100110000001100000000001100000000
000000110000110000110000111100000000001100000011001100110000001100110000001100000000001100000000
000000110000001100001111001100111111110000000000110000111111110000001111110000001111110000000000
000000110000001100001111001100111111110000000000110000111111110000001111110000001111110000000000
000000000000000000000000000000000000000000000000000000000000000000000000000000000000000000000000
000000000000000000000000000000000000000000000000000000000000000000000000000000000000000000000000
